1773832390139 0.0006649746192893401 0
1773832618121 0.0013184580372250423 1
1773832882590 0.0019587414551607446 2
1773833104314 0.0019406 3
1773833312280 0.0019207999999999999 4
1773833541329 0.0019010000000000001 5
1773833790538 0.0018812 6
1773834043813 0.0018614 7
1773834274368 0.0018416 8
1773834499160 0.0018218000000000002 9
1773834746535 0.001802 10
1773834935566 0.0017822 11
1773835106326 0.0017624 12
1773835344758 0.0017426 13
1773835557394 0.0017228 14
1773835759188 0.001703 15
1773835943442 0.0016832000000000001 16
1773836134879 0.0016634 17
1773836339166 0.0016436000000000003 18
1773836519039 0.0016238000000000001 19
1773836725942 0.0016040000000000002 20
1773836934384 0.0015842 21
1773837135718 0.0015644 22
1773837309904 0.0015446 23
1773837506644 0.0015248 24
1773837682690 0.0015049999999999998 25
1773837876702 0.0014852 26
1773838084074 0.0014654000000000002 27
1773838282685 0.0014456 28
1773838494807 0.0014258 29
1773838724510 0.001406 30
1773838936708 0.0013862 31
1773839171732 0.0013663999999999998 32
1773839402345 0.0013465999999999999 33
1773839629616 0.0013267999999999997 34
1773839831356 0.001307 35
1773840025098 0.0012872 36
1773840188700 0.0012674000000000001 37
1773840373331 0.0012476 38
1773840607716 0.0012278 39
1773840834903 0.001208 40
1773841068286 0.0011882000000000002 41
1773841295678 0.0011684000000000002 42
1773841482585 0.0011486 43
1773841677324 0.0011288000000000001 44
1773841903896 0.001109 45
1773842077332 0.0010892000000000002 46
1773842254848 0.0010694 47
1773842490315 0.0010496000000000001 48
1773842711443 0.0010298 49
1773842921540 0.00101 50
1773843141970 0.0009901999999999999 51
1773843341554 0.0009704 52
1773843537850 0.0009506 53
1773843709180 0.0009308 54
1773843886508 0.0009109999999999999 55
1773844047418 0.0008911999999999999 56
1773844247339 0.0008714 57
1773844446626 0.0008516000000000001 58
1773844653177 0.0008318000000000002 59
1773844834283 0.0008120000000000001 60
1773845054500 0.0007922000000000001 61
1773845248490 0.0007724 62
1773845468014 0.0007526000000000001 63
1773845659257 0.0007328 64
1773845871620 0.000713 65
1773846099358 0.0006931999999999999 66
1773846372819 0.0006733999999999999 67
1773846620280 0.0006536 68
1773846857597 0.0006338000000000001 69
1773847086719 0.0006140000000000001 70
1773847333450 0.0005942 71
1773847595170 0.0005744000000000001 72
1773847839622 0.0005546000000000001 73
1773848099951 0.0005348000000000001 74
1773848365024 0.000515 75
1773848637953 0.0004952 76
1773848922583 0.0004754 77
1773849318648 0.00045559999999999996 78
1773849736661 0.00043579999999999997 79
1773853098630 0.0004159999999999999 80
1773853267281 0.00039619999999999987 81
1773853432816 0.00037640000000000015 82
1773853626738 0.0003566000000000001 83
1773853790968 0.0003368000000000001 84
1773853961324 0.00031700000000000006 85
1773854148434 0.0002972 86
1773854352830 0.0002774 87
1773854552386 0.00025760000000000003 88
1773854745654 0.00023779999999999995 89
1773855063377 0.00021799999999999996 90
1773855241627 0.00019819999999999994 91
1773855479897 0.00017839999999999992 92
1773855735680 0.00015859999999999987 93
1773855912436 0.0001388000000000001 94
1773856047737 0.0001190000000000001 95
1773856182644 9.920000000000008e-05 96
1773856317466 7.940000000000006e-05 97
1773856454135 5.9600000000000046e-05 98
1773856588938 3.980000000000002e-05 99
