1773832422965 0.76987 0
1773832659203 0.76478 1
1773832906642 0.78665 2
1773833147604 0.82742 3
1773833336407 0.85481 4
1773833577718 0.87169 5
1773833825027 0.89038 6
1773834074119 0.83856 7
1773834303986 0.89575 8
1773834534953 0.91721 9
1773834779282 0.90663 10
1773834961622 0.90656 11
1773835137282 0.91869 12
1773835373510 0.91847 13
1773835583186 0.91901 14
1773835779808 0.92077 15
1773835964290 0.91822 16
1773836163853 0.91168 17
1773836358379 0.92808 18
1773836564010 0.92644 19
1773836748912 0.92748 20
1773836960923 0.9354 21
1773837163426 0.93582 22
1773837334647 0.92984 23
1773837528220 0.94525 24
1773837709802 0.93765 25
1773837901154 0.94024 26
1773838107302 0.9331 27
1773838306947 0.94199 28
1773838518654 0.94549 29
1773838760792 0.94447 30
1773838966834 0.94057 31
1773839210518 0.94576 32
1773839424431 0.94342 33
1773839664691 0.94664 34
1773839864447 0.94806 35
1773840048315 0.94744 36
1773840209757 0.94949 37
1773840410004 0.94725 38
1773840645246 0.94814 39
1773840860026 0.95109 40
1773841105312 0.94934 41
1773841331462 0.94946 42
1773841505900 0.95367 43
1773841705297 0.95439 44
1773841931401 0.95203 45
1773842102754 0.95494 46
1773842295895 0.95693 47
1773842522924 0.95366 48
1773842742463 0.95266 49
1773842949319 0.95276 50
1773843176363 0.9531 51
1773843362118 0.95468 52
1773843570497 0.95797 53
1773843728486 0.95676 54
1773843907146 0.9584 55
1773844067990 0.9563 56
1773844274613 0.95581 57
1773844484996 0.955 58
1773844675957 0.95547 59
1773844865905 0.95322 60
1773845079532 0.95421 61
1773845270545 0.95741 62
1773845492175 0.95779 63
1773845686071 0.95651 64
1773845911598 0.95845 65
1773846144031 0.95525 66
1773846416159 0.95549 67
1773846648113 0.95797 68
1773846892830 0.95781 69
1773847127416 0.95717 70
1773847375747 0.95685 71
1773847624788 0.95808 72
1773847882789 0.9564 73
1773848132828 0.95727 74
1773848408969 0.95935 75
1773848672931 0.95749 76
1773848995605 0.95781 77
1773849382963 0.95527 78
1773849820192 0.95659 79
1773853121294 0.95491 80
1773853283851 0.95745 81
1773853451790 0.9578 82
1773853644707 0.95375 83
1773853808236 0.9545 84
1773853984805 0.95566 85
1773854171319 0.95574 86
1773854373763 0.95494 87
1773854568260 0.95449 88
1773854776367 0.95551 89
1773855085389 0.952 90
1773855266083 0.95115 91
1773855513147 0.95155 92
1773855764775 0.95183 93
1773855929424 0.95116 94
1773856065082 0.95153 95
1773856199646 0.95161 96
1773856334182 0.95217 97
1773856470413 0.95214 98
1773856605748 0.95127 99
1773856625538 0.9572671332684576 99
