1773832422965 0.40795 0
1773832659203 0.41888 1
1773832906642 0.44129 2
1773833147604 0.49585 3
1773833336407 0.52202 4
1773833577718 0.52024 5
1773833825027 0.54412 6
1773834074119 0.52162 7
1773834303986 0.56689 8
1773834534953 0.59137 9
1773834779282 0.58224 10
1773834961622 0.58193 11
1773835137282 0.58633 12
1773835373510 0.57755 13
1773835583186 0.58994 14
1773835779808 0.59489 15
1773835964290 0.58995 16
1773836163853 0.58252 17
1773836358379 0.60314 18
1773836564010 0.60051 19
1773836748912 0.60586 20
1773836960923 0.60809 21
1773837163426 0.62196 22
1773837334647 0.60965 23
1773837528220 0.62983 24
1773837709802 0.61529 25
1773837901154 0.61617 26
1773838107302 0.61451 27
1773838306947 0.62448 28
1773838518654 0.62607 29
1773838760792 0.6287 30
1773838966834 0.62299 31
1773839210518 0.63201 32
1773839424431 0.6358 33
1773839664691 0.63902 34
1773839864447 0.63329 35
1773840048315 0.63713 36
1773840209757 0.64255 37
1773840410004 0.63526 38
1773840645246 0.63969 39
1773840860026 0.64476 40
1773841105312 0.64232 41
1773841331462 0.64167 42
1773841505900 0.64688 43
1773841705297 0.64894 44
1773841931401 0.65013 45
1773842102754 0.64691 46
1773842295895 0.65365 47
1773842522924 0.64967 48
1773842742463 0.64812 49
1773842949319 0.6511 50
1773843176363 0.64897 51
1773843362118 0.6518 52
1773843570497 0.64995 53
1773843728486 0.65358 54
1773843907146 0.65341 55
1773844067990 0.65241 56
1773844274613 0.65338 57
1773844484996 0.65479 58
1773844675957 0.65307 59
1773844865905 0.65516 60
1773845079532 0.65569 61
1773845270545 0.6549 62
1773845492175 0.65562 63
1773845686071 0.65234 64
1773845911598 0.6559 65
1773846144031 0.65712 66
1773846416159 0.65465 67
1773846648113 0.65534 68
1773846892830 0.65579 69
1773847127416 0.65834 70
1773847375747 0.6552 71
1773847624788 0.65536 72
1773847882789 0.65699 73
1773848132828 0.65608 74
1773848408969 0.65701 75
1773848672931 0.65835 76
1773848995605 0.65604 77
1773849382963 0.65642 78
1773849820192 0.65846 79
1773853121294 0.65872 80
1773853283851 0.65899 81
1773853451790 0.65833 82
1773853644707 0.65721 83
1773853808236 0.65711 84
1773853984805 0.6574 85
1773854171319 0.65683 86
1773854373763 0.65728 87
1773854568260 0.65749 88
1773854776367 0.65566 89
1773855085389 0.65109 90
1773855266083 0.65137 91
1773855513147 0.65412 92
1773855764775 0.65468 93
1773855929424 0.65421 94
1773856065082 0.65512 95
1773856199646 0.65467 96
1773856334182 0.65532 97
1773856470413 0.65531 98
1773856605748 0.65516 99
1773856625538 0.659045135636829 99
