1773832422965 0.76359 0
1773832659203 0.80677 1
1773832906642 0.82045 2
1773833147604 0.84268 3
1773833336407 0.85986 4
1773833577718 0.86236 5
1773833825027 0.8844 6
1773834074119 0.8431 7
1773834303986 0.86639 8
1773834534953 0.91151 9
1773834779282 0.90186 10
1773834961622 0.88356 11
1773835137282 0.90906 12
1773835373510 0.89009 13
1773835583186 0.89562 14
1773835779808 0.9037 15
1773835964290 0.9012 16
1773836163853 0.90216 17
1773836358379 0.89742 18
1773836564010 0.89949 19
1773836748912 0.90219 20
1773836960923 0.91418 21
1773837163426 0.92948 22
1773837334647 0.90879 23
1773837528220 0.91989 24
1773837709802 0.91162 25
1773837901154 0.91557 26
1773838107302 0.89857 27
1773838306947 0.91291 28
1773838518654 0.91188 29
1773838760792 0.91912 30
1773838966834 0.92471 31
1773839210518 0.92031 32
1773839424431 0.92227 33
1773839664691 0.93556 34
1773839864447 0.91124 35
1773840048315 0.9251 36
1773840209757 0.92242 37
1773840410004 0.92408 38
1773840645246 0.91523 39
1773840860026 0.9053 40
1773841105312 0.9246 41
1773841331462 0.92683 42
1773841505900 0.92492 43
1773841705297 0.92801 44
1773841931401 0.93397 45
1773842102754 0.93191 46
1773842295895 0.9336 47
1773842522924 0.92962 48
1773842742463 0.92448 49
1773842949319 0.92507 50
1773843176363 0.92484 51
1773843362118 0.92341 52
1773843570497 0.93391 53
1773843728486 0.92978 54
1773843907146 0.93958 55
1773844067990 0.92764 56
1773844274613 0.92857 57
1773844484996 0.93315 58
1773844675957 0.92299 59
1773844865905 0.93005 60
1773845079532 0.93455 61
1773845270545 0.92759 62
1773845492175 0.93026 63
1773845686071 0.93579 64
1773845911598 0.94465 65
1773846144031 0.93816 66
1773846416159 0.93486 67
1773846648113 0.92838 68
1773846892830 0.93114 69
1773847127416 0.93322 70
1773847375747 0.93402 71
1773847624788 0.93047 72
1773847882789 0.93084 73
1773848132828 0.93255 74
1773848408969 0.93165 75
1773848672931 0.93853 76
1773848995605 0.93677 77
1773849382963 0.92395 78
1773849820192 0.92175 79
1773853121294 0.9243 80
1773853283851 0.92341 81
1773853451790 0.93037 82
1773853644707 0.92974 83
1773853808236 0.92608 84
1773853984805 0.92542 85
1773854171319 0.931 86
1773854373763 0.93587 87
1773854568260 0.93544 88
1773854776367 0.92746 89
1773855085389 0.92577 90
1773855266083 0.9298 91
1773855513147 0.92641 92
1773855764775 0.92553 93
1773855929424 0.92805 94
1773856065082 0.92834 95
1773856199646 0.93336 96
1773856334182 0.92977 97
1773856470413 0.93438 98
1773856605748 0.9307 99
1773856625538 0.923276948991834 99
