1773832422965 0.71796 0
1773832659203 0.68468 1
1773832906642 0.69588 2
1773833147604 0.72718 3
1773833336407 0.76622 4
1773833577718 0.77622 5
1773833825027 0.78898 6
1773834074119 0.76343 7
1773834303986 0.82257 8
1773834534953 0.82241 9
1773834779282 0.81483 10
1773834961622 0.82007 11
1773835137282 0.82999 12
1773835373510 0.84587 13
1773835583186 0.8369 14
1773835779808 0.84105 15
1773835964290 0.83295 16
1773836163853 0.82635 17
1773836358379 0.85074 18
1773836564010 0.85074 19
1773836748912 0.84613 20
1773836960923 0.85639 21
1773837163426 0.85107 22
1773837334647 0.86129 23
1773837528220 0.86491 24
1773837709802 0.85987 25
1773837901154 0.86113 26
1773838107302 0.87276 27
1773838306947 0.86689 28
1773838518654 0.87446 29
1773838760792 0.8724 30
1773838966834 0.85789 31
1773839210518 0.86853 32
1773839424431 0.86788 33
1773839664691 0.86579 34
1773839864447 0.88995 35
1773840048315 0.87117 36
1773840209757 0.8815 37
1773840410004 0.87023 38
1773840645246 0.88237 39
1773840860026 0.89852 40
1773841105312 0.87842 41
1773841331462 0.886 42
1773841505900 0.88484 43
1773841705297 0.88771 44
1773841931401 0.89017 45
1773842102754 0.89094 46
1773842295895 0.89654 47
1773842522924 0.88781 48
1773842742463 0.89259 49
1773842949319 0.89088 50
1773843176363 0.89292 51
1773843362118 0.89259 52
1773843570497 0.89395 53
1773843728486 0.89489 54
1773843907146 0.8916 55
1773844067990 0.89226 56
1773844274613 0.89061 57
1773844484996 0.89061 58
1773844675957 0.89646 59
1773844865905 0.89375 60
1773845079532 0.88913 61
1773845270545 0.90016 62
1773845492175 0.8966 63
1773845686071 0.89292 64
1773845911598 0.88856 65
1773846144031 0.88977 66
1773846416159 0.89325 67
1773846648113 0.90122 68
1773846892830 0.89852 69
1773847127416 0.89792 70
1773847375747 0.89557 71
1773847624788 0.90247 72
1773847882789 0.89621 73
1773848132828 0.8974 74
1773848408969 0.90267 75
1773848672931 0.8954 76
1773848995605 0.89336 77
1773849382963 0.90049 78
1773849820192 0.90435 79
1773853121294 0.90118 80
1773853283851 0.90247 81
1773853451790 0.89815 82
1773853644707 0.89456 83
1773853808236 0.89951 84
1773853984805 0.90181 85
1773854171319 0.9028 86
1773854373763 0.90115 87
1773854568260 0.90231 88
1773854776367 0.90741 89
1773855085389 0.90049 90
1773855266083 0.89897 91
1773855513147 0.90313 92
1773855764775 0.90085 93
1773855929424 0.89676 94
1773856065082 0.89819 95
1773856199646 0.89534 96
1773856334182 0.89621 97
1773856470413 0.89226 98
1773856605748 0.89588 99
1773856625538 0.9024711696869852 99
