1773832390139 1.37399 0
1773832618121 1.3652 1
1773832882590 1.3671 2
1773833104314 1.3453 3
1773833312280 1.30957 4
1773833541329 1.28799 5
1773833790538 1.26564 6
1773834043813 1.24222 7
1773834274368 1.22452 8
1773834499160 1.22445 9
1773834746535 1.21131 10
1773834935566 1.20256 11
1773835106326 1.19332 12
1773835344758 1.18981 13
1773835557394 1.17556 14
1773835759188 1.18409 15
1773835943442 1.16866 16
1773836134879 1.16536 17
1773836339166 1.15959 18
1773836519039 1.14566 19
1773836725942 1.15237 20
1773836934384 1.15123 21
1773837135718 1.13545 22
1773837309904 1.13958 23
1773837506644 1.12957 24
1773837682690 1.1359 25
1773837876702 1.11643 26
1773838084074 1.11504 27
1773838282685 1.11461 28
1773838494807 1.10947 29
1773838724510 1.09873 30
1773838936708 1.09768 31
1773839171732 1.09465 32
1773839402345 1.10168 33
1773839629616 1.08076 34
1773839831356 1.07682 35
1773840025098 1.07525 36
1773840188700 1.07545 37
1773840373331 1.07216 38
1773840607716 1.07105 39
1773840834903 1.06781 40
1773841068286 1.06335 41
1773841295678 1.06307 42
1773841482585 1.05194 43
1773841677324 1.04252 44
1773841903896 1.03944 45
1773842077332 1.04499 46
1773842254848 1.04449 47
1773842490315 1.03384 48
1773842711443 1.0376 49
1773842921540 1.02469 50
1773843141970 1.02836 51
1773843341554 1.01833 52
1773843537850 1.02386 53
1773843709180 1.01361 54
1773843886508 1.01215 55
1773844047418 1.00842 56
1773844247339 1.00711 57
1773844446626 1.01104 58
1773844653177 0.99917 59
1773844834283 0.98821 60
1773845054500 0.99634 61
1773845248490 0.98508 62
1773845468014 0.98896 63
1773845659257 0.98304 64
1773845871620 0.97846 65
1773846099358 0.97027 66
1773846372819 0.96182 67
1773846620280 0.96745 68
1773846857597 0.96482 69
1773847086719 0.96011 70
1773847333450 0.95567 71
1773847595170 0.95894 72
1773847839622 0.95008 73
1773848099951 0.9463 74
1773848365024 0.94232 75
1773848637953 0.94876 76
1773848922583 0.9403 77
1773849318648 0.94165 78
1773849736661 0.93846 79
1773853098630 0.92927 80
1773853267281 0.93169 81
1773853432816 0.91585 82
1773853626738 0.91396 83
1773853790968 0.91592 84
1773853961324 0.92162 85
1773854148434 0.91395 86
1773854352830 0.90671 87
1773854552386 0.90338 88
1773854745654 0.90686 89
1773855063377 0.91447 90
1773855241627 0.89344 91
1773855479897 0.87871 92
1773855735680 0.87484 93
1773855912436 0.86865 94
1773856047737 0.86765 95
1773856182644 0.86008 96
1773856317466 0.85382 97
1773856454135 0.85618 98
1773856588938 0.84913 99
