1773832390139 1.57059 0
1773832618121 1.14404 1
1773832882590 1.08296 2
1773833104314 1.0244 3
1773833312280 0.97184 4
1773833541329 0.92855 5
1773833790538 0.89314 6
1773834043813 0.86276 7
1773834274368 0.84371 8
1773834499160 0.83409 9
1773834746535 0.81282 10
1773834935566 0.79899 11
1773835106326 0.78513 12
1773835344758 0.77813 13
1773835557394 0.76085 14
1773835759188 0.77149 15
1773835943442 0.74103 16
1773836134879 0.73787 17
1773836339166 0.7368 18
1773836519039 0.72403 19
1773836725942 0.7194 20
1773836934384 0.72053 21
1773837135718 0.6995 22
1773837309904 0.70196 23
1773837506644 0.69402 24
1773837682690 0.69592 25
1773837876702 0.68305 26
1773838084074 0.66897 27
1773838282685 0.67072 28
1773838494807 0.67337 29
1773838724510 0.65527 30
1773838936708 0.65404 31
1773839171732 0.64813 32
1773839402345 0.64799 33
1773839629616 0.63782 34
1773839831356 0.62968 35
1773840025098 0.62729 36
1773840188700 0.62678 37
1773840373331 0.61951 38
1773840607716 0.61411 39
1773840834903 0.61595 40
1773841068286 0.61877 41
1773841295678 0.61 42
1773841482585 0.59567 43
1773841677324 0.58866 44
1773841903896 0.58473 45
1773842077332 0.59141 46
1773842254848 0.58559 47
1773842490315 0.57894 48
1773842711443 0.58015 49
1773842921540 0.56641 50
1773843141970 0.57415 51
1773843341554 0.56391 52
1773843537850 0.56855 53
1773843709180 0.55594 54
1773843886508 0.55799 55
1773844047418 0.55035 56
1773844247339 0.55117 57
1773844446626 0.54799 58
1773844653177 0.54729 59
1773844834283 0.53974 60
1773845054500 0.5371 61
1773845248490 0.53479 62
1773845468014 0.53655 63
1773845659257 0.53061 64
1773845871620 0.52379 65
1773846099358 0.52231 66
1773846372819 0.51857 67
1773846620280 0.51764 68
1773846857597 0.51781 69
1773847086719 0.51419 70
1773847333450 0.50515 71
1773847595170 0.50453 72
1773847839622 0.49912 73
1773848099951 0.50031 74
1773848365024 0.4945 75
1773848637953 0.49611 76
1773848922583 0.49126 77
1773849318648 0.49634 78
1773849736661 0.48735 79
1773853098630 0.4852 80
1773853267281 0.48321 81
1773853432816 0.47523 82
1773853626738 0.47231 83
1773853790968 0.47282 84
1773853961324 0.47643 85
1773854148434 0.46662 86
1773854352830 0.46579 87
1773854552386 0.46074 88
1773854745654 0.46317 89
1773855063377 0.41733 90
1773855241627 0.4014 91
1773855479897 0.39343 92
1773855735680 0.39188 93
1773855912436 0.38609 94
1773856047737 0.385 95
1773856182644 0.38184 96
1773856317466 0.37564 97
1773856454135 0.37782 98
1773856588938 0.37512 99
