1773832390139 1.43237 0
1773832618121 1.39982 1
1773832882590 1.39908 2
1773833104314 1.38405 3
1773833312280 1.36639 4
1773833541329 1.34073 5
1773833790538 1.32979 6
1773834043813 1.31181 7
1773834274368 1.29974 8
1773834499160 1.30052 9
1773834746535 1.29006 10
1773834935566 1.28249 11
1773835106326 1.27392 12
1773835344758 1.26889 13
1773835557394 1.26011 14
1773835759188 1.26602 15
1773835943442 1.25935 16
1773836134879 1.25587 17
1773836339166 1.25348 18
1773836519039 1.24708 19
1773836725942 1.25085 20
1773836934384 1.24483 21
1773837135718 1.23966 22
1773837309904 1.23669 23
1773837506644 1.23699 24
1773837682690 1.23591 25
1773837876702 1.22887 26
1773838084074 1.22036 27
1773838282685 1.2202 28
1773838494807 1.21827 29
1773838724510 1.20972 30
1773838936708 1.20829 31
1773839171732 1.20662 32
1773839402345 1.20917 33
1773839629616 1.20107 34
1773839831356 1.19823 35
1773840025098 1.1999 36
1773840188700 1.19848 37
1773840373331 1.19238 38
1773840607716 1.19182 39
1773840834903 1.19457 40
1773841068286 1.18881 41
1773841295678 1.18487 42
1773841482585 1.18282 43
1773841677324 1.17286 44
1773841903896 1.1769 45
1773842077332 1.17908 46
1773842254848 1.17543 47
1773842490315 1.17278 48
1773842711443 1.1685 49
1773842921540 1.16691 50
1773843141970 1.16561 51
1773843341554 1.16252 52
1773843537850 1.16383 53
1773843709180 1.15743 54
1773843886508 1.15662 55
1773844047418 1.15445 56
1773844247339 1.15157 57
1773844446626 1.15321 58
1773844653177 1.15241 59
1773844834283 1.14244 60
1773845054500 1.14644 61
1773845248490 1.1368 62
1773845468014 1.13626 63
1773845659257 1.14252 64
1773845871620 1.13631 65
1773846099358 1.13108 66
1773846372819 1.13234 67
1773846620280 1.13219 68
1773846857597 1.13014 69
1773847086719 1.12833 70
1773847333450 1.12728 71
1773847595170 1.12387 72
1773847839622 1.11925 73
1773848099951 1.12008 74
1773848365024 1.11369 75
1773848637953 1.12027 76
1773848922583 1.11681 77
1773849318648 1.11519 78
1773849736661 1.10884 79
1773853098630 1.10694 80
1773853267281 1.10806 81
1773853432816 1.10556 82
1773853626738 1.09521 83
1773853790968 1.09919 84
1773853961324 1.10445 85
1773854148434 1.1 86
1773854352830 1.09487 87
1773854552386 1.09613 88
1773854745654 1.097 89
1773855063377 1.08434 90
1773855241627 1.07006 91
1773855479897 1.06071 92
1773855735680 1.06225 93
1773855912436 1.05977 94
1773856047737 1.05918 95
1773856182644 1.05203 96
1773856317466 1.04651 97
1773856454135 1.05125 98
1773856588938 1.04503 99
